Accuracy: 0.9967
Loss: 0.0137

Classification Report:
              precision    recall  f1-score   support

           0       1.00      1.00      1.00       121
           1       1.00      1.00      1.00       114
           2       1.00      1.00      1.00       120
           3       1.00      1.00      1.00       130
           4       0.98      0.99      0.99       127
           5       1.00      1.00      1.00       124
           6       0.99      0.99      0.99       116
           7       1.00      0.99      1.00       120
           8       1.00      1.00      1.00       119
           9       0.99      0.99      0.99       109

    accuracy                           1.00      1200
   macro avg       1.00      1.00      1.00      1200
weighted avg       1.00      1.00      1.00      1200